2.582429990966576216e+00 -2.168404344971008868e-19
3.193550226749499288e+00 1.353020202023391422e-03
3.804670462532422359e+00 2.706040404046782845e-03
4.415790698315345431e+00 5.104732633263437194e-03
5.026910934098268058e+00 8.119765357786738746e-03
5.638031169881191573e+00 1.385072870491184036e-02
6.249151405664115089e+00 2.311896930367208364e-02
6.860271641447036828e+00 3.752618997427804165e-02
7.471391877229960343e+00 6.031598384091353682e-02
8.082512113012883859e+00 8.707028345112600987e-02
8.693632348795807374e+00 1.233046411350963711e-01
9.304752584578729113e+00 1.577404100153999011e-01
9.915872820361652629e+00 1.903680582918265973e-01
1.052699305614457614e+01 2.245569761963872313e-01
1.113811329192749788e+01 2.600648443519811837e-01
1.174923352771042140e+01 2.992362458891242305e-01
1.236035376349334491e+01 3.363454149085476352e-01
1.297147399927626843e+01 3.720194975603522414e-01
1.358259423505919194e+01 4.055277861433242981e-01
1.419371447084211368e+01 4.383766451897510574e-01
1.480483470662503720e+01 4.700331011874715470e-01
1.541595494240796071e+01 5.001964453239243769e-01
1.602707517819088423e+01 5.296502487017081817e-01
1.663819541397380775e+01 5.589104411429002273e-01
1.724931564975673126e+01 5.873370217775657487e-01
1.786043588553965478e+01 6.145538725983940020e-01
1.847155612132257829e+01 6.425347386469891786e-01
1.908267635710550181e+01 6.700018970922743122e-01
1.969379659288842177e+01 6.927402754892144632e-01
2.030491682867134529e+01 7.147696002927623748e-01
2.091603706445426880e+01 7.360868796934131320e-01
2.152715730023719232e+01 7.546605162092492325e-01
2.213827753602011583e+01 7.725297719593420265e-01
2.274939777180303935e+01 7.894846917809035247e-01
2.336051800758596286e+01 8.058752206615891200e-01
2.397163824336888638e+01 8.218734317540323797e-01
2.458275847915180989e+01 8.366426052139444014e-01
2.519387871493472986e+01 8.507434753822987750e-01
2.580499895071765337e+01 8.635348330374711390e-01
2.641611918650057689e+01 8.752976272874514185e-01
2.702723942228350040e+01 8.865393348207232238e-01
2.763835965806642392e+01 8.969432901627860666e-01
2.824947989384934743e+01 9.067705976782054478e-01
2.886060012963227095e+01 9.157620097072796117e-01
2.947172036541519091e+01 9.239159293995955480e-01
3.008284060119811443e+01 9.316832112042282565e-01
3.069396083698103794e+01 9.385631417066488957e-01
3.130508107276396146e+01 9.448638147762125072e-01
3.191620130854688497e+01 9.505834112869520069e-01
3.252732154432980849e+01 9.554422081087275975e-01
3.313844178011272845e+01 9.600265869729650570e-01
3.374956201589565552e+01 9.641410761844207977e-01
3.436068225167857548e+01 9.680420415028827552e-01
3.497180248746149545e+01 9.717947475347549213e-01
3.558292272324442251e+01 9.751571868034150103e-01
3.619404295902734248e+01 9.783670522386607171e-01
3.680516319481026244e+01 9.812895514302216737e-01
3.741628343059318951e+01 9.840051577567779928e-01
3.802740366637610947e+01 9.865935970728432203e-01
3.863852390215903654e+01 9.885359205182321363e-01
3.924964413794195650e+01 9.903471807912014313e-01
3.986076437372488357e+01 9.919686661128042093e-01
4.047188460950780353e+01 9.934424987400920504e-01
4.108300484529073060e+01 9.948343664984869994e-01
4.169412508107365056e+01 9.959819280772401751e-01
4.230524531685657053e+01 9.970476839110757883e-01
4.291636555263949759e+01 9.980314652666391062e-01
4.352748578842241756e+01 9.987095158592328437e-01
4.413860602420534462e+01 9.992737530463259299e-01
4.474972625998826459e+01 9.996152470340814444e-01
4.536084649577119166e+01 9.998153974494433660e-01
4.597196673155411162e+01 9.999175156408426357e-01
4.658308696733703869e+01 9.999333369610761135e-01
4.719420720311995865e+01 9.999428342369046652e-01
4.780532743890287861e+01 9.999476620867673304e-01
4.841644767468580568e+01 9.999498246715120553e-01
4.902756791046872564e+01 9.999508626506717901e-01
4.963868814625165271e+01 9.999544682600628454e-01
5.024980838203457267e+01 9.999577491185573930e-01
5.086092861781749974e+01 9.999605602716419295e-01
5.147204885360041970e+01 9.999660148983067209e-01
5.208316908938333967e+01 9.999721318879865040e-01
5.269428932516626674e+01 9.999775097460614770e-01
5.330540956094918670e+01 9.999833762594338982e-01
5.391652979673211377e+01 9.999897319098859372e-01
5.452765003251503373e+01 9.999921829500975079e-01
5.513877026829796080e+01 9.999936693851341207e-01
5.574989050408088076e+01 9.999939749452518845e-01
5.636101073986380072e+01 9.999941180505368399e-01
5.697213097564672779e+01 9.999941486065486718e-01
5.758325121142964775e+01 9.999941791625603926e-01
5.819437144721257482e+01 9.999942194371445048e-01
5.880549168299549478e+01 9.999942805491680575e-01
5.941661191877842185e+01 9.999943833223835510e-01
6.002773215456134182e+01 9.999945027732152214e-01
6.063885239034426888e+01 9.999945638852387741e-01
6.124997262612718885e+01 9.999952999233528983e-01
6.186109286191010881e+01 9.999970110600130413e-01
6.247221309769303588e+01 9.999985333114341790e-01
6.308333333347596295e+01 1.000000000000000000e+00
